id	cost	status	
1	0	3	
2	36224	0	
3	10626	0	
4	17366	0	
5	6905	0	
6	0	2	
7	45453	0	
8	38466	0	
9	0	2	
10	232197	2	
11	20766	2	
12	641152	2	
13	1686355	2	
14	26141	0	
15	0	2	
16	76459	0	
17	205793	0	
18	0	3	
19	138826	0	
20	0	2	
21	0	2	
22	2479	2	
23	2161	2	
24	755	2	
25	0	2	
26	990526	0	
27	74617	0	
28	649780	0	
29	278599	0	
30	209347	0	
31	394112	0	
32	2915	0	
33	326394	0	
34	144775	0	
35	162835	0	
36	9937	0	
37	0	2	
38	0	2	
39	31823	0	
40	9019	0	
41	76311	0	
42	275061	0	
43	106109	0	
44	0	2	
45	263494	0	
46	68980	0	
47	235705	0	
48	321655	0	
49	103362	0	
50	86608	0	
51	86243	0	
52	736768	0	
53	518517	2	
54	125511	2	
55	51063	0	
56	764760	0	
57	294847	0	
58	374977	0	
59	96518	0	
60	14349	0	
61	69189	0	
62	618590	0	
63	205131	0	
64	240745	0	
65	358542	0	
66	642619	0	
67	37146	0	
68	52019	0	
69	357819	0	
70	610102	0	
71	0	2	
72	0	2	
73	330575	0	
74	592432	0	
75	104146	2	
76	441885	0	
77	555739	2	
78	249569	0	
79	53565	0	
80	1336006	0	
81	98174	0	
82	354951	0	
83	302955	0	
84	8647	2	
85	226855	0	
86	81322	0	
87	2193559	0	
88	704	0	
89	33592	0	
90	13921	0	
91	84585	0	
92	43311	0	
93	540587	0	
94	139030	0	
95	288851	0	
96	38592	0	
97	513514	0	
98	25149	0	
99	475019	0	
100	184423	0	
101	112393	0	
102	117331	0	
103	686410	0	
104	45993	0	
105	24470	0	
106	23560	0	
107	359068	0	
108	123605	0	
109	146234	0	
110	44820	0	
111	213003	0	
112	396067	0	
113	330593	0	
114	28158	0	
115	24923	0	
116	255899	0	
117	1123	0	
118	51144	0	
119	85184	0	
120	37832	0	
121	566576	0	
122	289505	0	
123	299708	0	
124	202366	0	
125	572783	0	
126	39048	0	
127	38989	0	
128	385992	0	
129	227745	0	
130	470232	0	
131	582155	0	
132	829033	0	
133	156410	0	
134	156382	0	
135	308184	0	
136	70035	0	
137	96778	0	
138	83188	0	
139	419806	0	
140	453303	0	
141	931780	0	
142	1286346	0	
143	562796	0	
144	0	3	
145	507653	0	
146	100184	0	
147	85244	0	
148	185762	0	
149	134	0	
150	73980	0	
151	0	2	
152	10188	0	
153	0	2	
154	0	2	
155	0	2	
156	0	2	
157	0	2	
158	20290	0	
159	48667	0	
160	11429	0	
161	0	2	
162	0	2	
163	0	2	
164	0	2	
165	0	2	
166	0	2	
167	2077	0	
168	422	0	
169	19604	0	
170	8354	0	
171	8645	0	
172	72382	0	
173	4629	0	
174	33487	0	
175	0	2	
176	24551	2	
177	0	2	
178	0	2	
179	0	2	
180	0	2	
181	595	0	
182	142	0	
183	10855	0	
184	40176	0	
185	14629	0	
186	24428	0	
187	84353	0	
188	22491	0	
189	0	2	
190	29157	0	
191	42769	0	
192	43897	2	
193	155249	2	
194	217777	0	
195	103292	0	
196	97574	0	
197	54641	0	
198	963015	0	
199	4613	0	
200	266	0	
201	78637	0	
202	498845	0	
203	151924	0	
204	2315	0	
205	35	0	
206	101119	2	
207	53178	2	
208	111916	2	
209	219931	2	
210	55126	2	
211	418868	0	
212	0	3	
213	163625	0	
214	0	3	
215	50649	0	
216	31307	0	
217	5172	0	
218	9065	0	
219	205290	0	
220	49547	0	
221	2358	0	
222	19	0	
223	47758	0	
224	218096	0	
225	311264	0	
226	187288	0	
227	0	3	
228	7086	0	
229	122925	0	
230	94347	0	
231	210493	2	
232	0	2	
233	0	2	
234	19712	0	
235	7561	0	
236	23285	0	
237	53778	0	
238	6359	0	
239	624996	0	
240	624978	2	
241	168611	0	
242	0	2	
243	0	2	
244	420401	0	
245	4271	0	
246	2284	0	
247	63449	0	
248	31402	0	
249	8025	0	
250	22811	0	
251	445	0	
252	213	0	
253	11569	0	
254	16069	0	
255	134410	0	
256	332781	0	
257	107703	0	
258	63559	0	
259	283631	0	
260	299515	0	
261	5786	0	
262	1476	0	
263	28	3	
264	70	0	
265	49	0	
266	2441	0	
267	17020	0	
268	241169	0	
269	157753	0	
270	64345	0	
271	111764	0	
272	540124	0	
273	291317	0	
274	63292	0	
275	180074	0	
276	51945	0	
277	917218	0	
278	265522	0	
279	241426	0	
280	207885	0	
281	320866	0	
282	18204	0	
283	0	2	
284	0	2	
285	0	2	
286	0	2	
287	0	2	
288	0	2	
289	0	2	
290	0	2	
291	0	2	
292	0	2	
293	0	2	
294	0	2	
295	0	3	
296	0	2	
297	0	2	
298	0	2	
299	0	3	
300	15089	0	
301	0	2	
302	0	2	
303	0	2	
304	0	2	
305	0	2	
306	0	3	
307	0	2	
308	0	2	
309	0	2	
310	0	2	
311	0	2	
312	0	2	
313	27682	0	
314	0	2	
315	0	2	
316	60987	0	
317	85891	2	
318	3784	2	
319	0	2	
320	0	2	
321	43377	2	
322	0	2	
323	3982	0	
324	0	3	
325	0	2	
326	1109282	0	
327	589798	0	
328	601421	0	
329	612556	0	
330	554469	0	
331	577737	0	
332	0	2	
333	0	2	
334	541712	0	
335	623003	0	
336	86	2	
337	2554	2	
338	0	2	
339	0	2	
340	0	2	
341	641501	2	
342	380677	2	
343	2149262	2	
344	0	2	
345	1312735	0	
346	315270	0	
347	42384	0	
348	236680	0	
349	47970	0	
350	3334343	2	
351	382314	0	
352	123474	0	
353	555098	0	
354	353262	0	
355	755373	0	
356	0	2	
357	0	2	
358	0	2	
359	24861	0	
360	82457	0	
361	43283	0	
362	187662	0	
363	103291	0	
364	4029	0	
365	341224	0	
366	5026894	3	
367	4922829	0	
368	3214491	0	
369	0	2	
370	3880331	0	
371	105983	0	
372	57487	0	
373	127797	0	
374	18864	0	
375	134314	0	
376	169561	0	
377	65425	0	
378	63861	0	
379	56350	0	
380	274156	0	
381	293790	0	
382	349970	0	
383	1305371	0	
384	469563	0	
385	323841	0	
386	190807	0	
387	316879	0	
388	172046	0	
389	332146	0	
390	114330	0	
391	491365	0	
392	309484	0	
393	345794	0	
394	255235	0	
395	376195	0	
396	175062	0	
397	109762	0	
398	2090927	0	
399	4401	0	
400	21514	0	
401	30555	0	
402	7539	0	
403	0	3	
404	0	3	
405	0	3	
406	0	2	
407	0	2	
408	0	2	
409	0	2	
410	1327	0	
411	6032	0	
412	63435	0	
413	33692	0	
414	279404	0	
415	153295	0	
416	751512	0	
417	253409	0	
418	670	2	
419	515917	0	
420	107723	0	
421	371368	0	
422	327033	0	
423	130232	0	
424	74340	0	
425	345	0	
426	172996	0	
427	312088	0	
428	0	3	
429	2268	0	
430	29095	0	
431	0	2	
432	0	2	
433	0	2	
434	0	2	
435	36414	0	
436	15229	0	
437	94959	0	
438	8008	0	
439	219619	0	
440	77927	0	
441	59496	0	
442	0	2	
443	0	2	
444	16366	0	
445	23296	0	
446	322120	0	
447	39823	0	
448	1016	0	
449	8225	0	
450	13043	0	
451	187189	0	
452	29898	0	
453	64250	0	
454	178075	0	
455	22236	0	
456	48994	0	
457	368184	0	
458	76325	0	
459	17318	0	
460	252641	0	
461	918	0	
462	0	2	
463	0	2	
464	184997	0	
465	44202	0	
466	2223	0	
467	67341	0	
468	18322	0	
469	402020	0	
470	18564	0	
471	113355	0	
472	1718	0	
473	32	0	
474	74051	0	
475	6234	0	
476	46900	0	
477	14305	0	
478	1551	0	
479	2654	0	
480	178605	0	
481	45091	0	
482	30513	0	
483	1581	0	
484	128635	0	
485	8888	0	
486	125873	0	
487	203	0	
488	88	0	
489	14250	0	
490	171597	0	
491	266	0	
492	0	3	
493	240452	2	
494	453008	0	
495	0	2	
496	0	2	
497	0	2	
498	0	2	
499	4773	0	
500	4941	0	
501	0	2	
502	0	2	
503	0	2	
504	0	2	
505	0	2	
506	0	2	
507	564	0	
508	345	0	
509	19	0	
510	3076	0	
511	164	0	
512	44157	0	
513	2	0	
514	4763	0	
515	0	2	
516	0	2	
517	7171	0	
518	430	2	
519	2410	2	
520	121667	0	
521	35156	0	
522	12239	0	
523	12429	0	
524	302475	0	
525	63485	0	
526	6276	0	
527	1978	0	
528	81481	2	
529	188177	0	
530	0	3	
531	75339	0	
532	1838	0	
533	3979	0	
534	664	0	
535	9886	0	
536	245949	0	
537	948485	0	
538	38920	0	
539	104842	0	
540	0	3	
541	368587	0	
542	1821	2	
543	4	0	
544	2132	0	
545	43256	0	
546	910	0	
547	6050	2	
548	0	2	
549	0	2	
550	347643	0	
551	41784	0	
552	200827	0	
553	39801	0	
554	330103	0	
555	32723	0	
556	44135	0	
557	136173	0	
558	12876	0	
559	4492	0	
560	29922	0	
561	1618	3	
562	101190	0	
563	53679	0	
564	277761	0	
565	212164	0	
566	304959	0	
567	192643	0	
568	16593	0	
569	117299	0	
570	144027	0	
571	7343	0	
572	418	0	
573	15794	3	
574	2309	0	
575	2203	0	
576	159	0	
577	7556	0	
578	295612	0	
579	1433	2	
580	4592	0	
581	7203	0	
582	905	0	
583	18832	0	
584	535438	0	
585	597998	0	
586	6277	0	
587	20328	0	
588	98468	0	
589	154	0	
590	0	2	
591	0	2	
592	0	2	
593	0	2	
594	0	2	
595	0	2	
596	0	2	
597	0	2	
598	0	2	
599	0	2	
600	0	3	
601	0	2	
602	0	2	
603	0	3	
604	0	2	
605	0	2	
606	0	2	
607	0	2	
608	0	3	
609	0	2	
610	0	2	
611	0	2	
612	0	2	
613	0	2	
614	0	2	
615	0	2	
616	60984	2	
617	0	2	
618	2875	2	
619	0	2	
620	3845	0	
621	49110	0	
622	16178	0	
623	0	2	
624	0	2	
625	101886	0	
626	63	2	
627	870647	0	
628	42253	0	
629	342722	0	
630	123065	0	
631	176008	0	
632	718626	2	
633	315270	0	
634	317985	0	
635	599957	2	
636	169646	0	
637	2616685	2	
638	2734223	2	
639	4007604	2	
640	207661	0	
641	124555	0	
642	306332	0	
643	805961	0	
644	636699	0	
645	639351	0	
646	476635	0	
647	661263	0	
648	141409	0	
649	459254	0	
650	0	2	
651	1145625	0	
652	167561	0	
653	5334	2	
654	247979	0	
655	97954	0	
656	0	2	
657	35203	0	
658	27632	0	
659	688	0	
660	60840	0	
661	525159	0	
662	3363618	2	
663	287118	0	
664	510427	0	
665	514857	0	
666	36225	0	
667	206566	0	
668	1307176	0	
669	192	0	
670	69106	0	